10 10
46.90 46.93 27.46 69.69 84.60 83.16 19.66 48.48 48.88 11.42
92.79 7.46 21.48 60.94 54.54 58.09 58.10 97.59 72.08 91.42
61.58 65.10 80.61 15.30 27.17 84.59 34.63 15.42 27.05 97.45
90.78 53.24 12.17 44.97 94.87 4.45 66.22 69.38 35.23 11.49
66.12 79.76 21.54 34.97 7.99 42.88 31.07 86.02 15.66 93.70
58.88 59.97 94.32 47.56 0.85 92.18 45.70 31.27 31.25 29.22
91.06 17.61 53.17 52.06 96.72 97.84 64.65 64.90 33.67 62.80
54.12 52.56 96.52 8.10 1.36 41.34 25.20 96.06 47.27 8.03
44.42 74.77 89.59 2.62 12.92 22.94 69.84 80.71 67.65 57.60
70.35 22.01 91.97 40.30 40.18 33.61 79.97 64.87 95.39 33.32