10 10
28.71 68.48 65.42 10.51 79.24 33.75 86.27 12.45 74.72 36.80
14.52 69.48 33.07 31.57 35.98 31.58 65.24 85.41 33.76 56.46
38.99 53.23 66.84 73.14 42.70 12.37 65.86 64.80 8.11 19.90
49.83 0.80 78.75 93.81 38.88 22.74 50.62 13.28 54.92 92.13
57.14 88.02 15.07 46.37 48.27 95.64 94.39 49.22 2.34 19.43
36.31 51.67 29.79 67.50 62.29 12.87 35.18 85.36 62.19 79.46
43.14 11.47 4.49 23.74 65.18 57.25 36.70 36.44 86.68 63.23
85.38 73.41 71.61 61.22 45.42 55.76 85.50 68.64 94.91 66.66
12.36 59.43 67.52 25.11 65.33 78.30 38.55 45.47 47.73 83.05
53.03 86.03 79.19 33.56 0.37 36.26 61.12 90.76 67.93 91.91